# dxfimport generated script file.
Grid mic 1 off;
Set Wire_Bend 2;
CHANGE LAYER 20;
Change Font Vector;
Circle 10 (-33878.68 38121.32) (-33878.68 39221.32);
Circle 10 (-33159.96 84743.24) (-33159.96 85843.24);
Arc CCW 10 (25858.90 30517.49) (-25858.90 -30517.49) (-25858.90 30517.49);
Arc CCW 10 (25858.90 30517.49) (29091.27 34332.18) (29242.85 30657.07);
Wire 10 (29242.85 30657.07) (35292.89 36707.11);
Arc CCW 10 (35292.89 36707.11) (32464.47 39535.53) (32464.47 39535.53);
Wire 10 (32464.47 39535.53) (31564.32 38635.39);
Arc CCW 10 (30240.07 38555.65) (31474.36 40129.35) (31564.32 38635.39);
Arc CCW 10 (30240.07 38555.65) (-30240.07 -38555.65) (4949.49 48749.38);
Arc CCW 10 (4500.00 49246.83) (5500.00 49246.83) (4949.49 48749.38);
Wire 10 (4500.00 49246.83) (4500.00 91835.45);
Arc CCW 10 (5559.78 92833.66) (5440.22 90837.24) (4500.00 91835.45);
Arc CCW 10 (31056.42 87661.27) (-31056.42 -87661.27) (5559.78 92833.66);
Arc CCW 10 (31649.67 86344.07) (29795.30 87093.28) (31056.42 87661.27);
Wire 10 (31649.67 86344.07) (31305.59 85492.46);
Arc CCW 10 (31305.59 85492.46) (35014.33 83994.03) (35014.33 83994.03);
Wire 10 (35014.33 83994.03) (38196.30 91869.70);
Arc CCW 10 (38196.30 91869.70) (33560.38 93742.74) (36779.81 95138.03);
Arc CCW 10 (36779.81 95138.03) (-36779.81 -95138.03) (-36779.81 95138.03);
Arc CCW 10 (-36779.81 95138.03) (-34976.88 90474.41) (-38196.30 91869.70);
Wire 10 (-38196.30 91869.70) (-35014.33 83994.03);
Arc CCW 10 (-35014.33 83994.03) (-31305.59 85492.46) (-31305.59 85492.46);
Wire 10 (-31305.59 85492.46) (-31649.67 86344.07);
Arc CCW 10 (-31056.42 87661.27) (-30388.54 85776.08) (-31649.67 86344.07);
Arc CCW 10 (-5559.78 92833.66) (5559.78 -92833.66) (-31056.42 87661.27);
Arc CCW 10 (-4500.00 91835.45) (-6500.00 91835.45) (-5559.78 92833.66);
Wire 10 (-4500.00 91835.45) (-4500.00 49246.83);
Arc CCW 10 (-4949.49 48749.38) (-5050.51 49744.27) (-4500.00 49246.83);
Arc CCW 10 (-4949.49 48749.38) (4949.49 -48749.38) (-30240.07 38555.65);
Arc CCW 10 (-31564.32 38635.39) (-30150.11 40049.61) (-30240.07 38555.65);
Wire 10 (-31564.32 38635.39) (-32464.47 39535.53);
Arc CCW 10 (-32464.47 39535.53) (-35292.89 36707.11) (-35292.89 36707.11);
Wire 10 (-35292.89 36707.11) (-29242.85 30657.07);
Arc CCW 10 (-29242.85 30657.07) (-25707.32 34192.60) (-25858.90 30517.49);
Circle 10 (33159.96 84743.24) (33159.96 85843.24);
Circle 10 (33878.68 38121.32) (33878.68 39221.32);
Arc CCW 10 (-29242.85 30657.07) (-25707.32 34192.60) (-25858.90 30517.49);
Wire 10 (-35292.89 36707.11) (-29242.85 30657.07);
Arc CCW 10 (-4949.49 48749.38) (4949.49 -48749.38) (-30240.07 38555.65);
Arc CCW 10 (-4949.49 48749.38) (-5050.51 49744.27) (-4500.00 49246.83);
Wire 10 (-4500.00 91835.45) (-4500.00 49246.83);
Wire 10 (-38196.30 91869.70) (-35014.33 83994.03);
Arc CCW 10 (-36779.81 95138.03) (-34976.88 90474.41) (-38196.30 91869.70);
Arc CCW 10 (-35014.33 83994.03) (-31305.59 85492.46) (-31305.59 85492.46);
Circle 10 (-33159.96 84743.24) (-33159.96 85843.24);
Arc CCW 10 (-32464.47 39535.53) (-35292.89 36707.11) (-35292.89 36707.11);
Circle 10 (-33878.68 38121.32) (-33878.68 39221.32);
Wire 10 (-31564.32 38635.39) (-32464.47 39535.53);
Arc CCW 10 (-31564.32 38635.39) (-30150.11 40049.61) (-30240.07 38555.65);
Arc CCW 10 (-5559.78 92833.66) (5559.78 -92833.66) (-31056.42 87661.27);
Arc CCW 10 (-4500.00 91835.45) (-6500.00 91835.45) (-5559.78 92833.66);
Wire 10 (-31305.59 85492.46) (-31649.67 86344.07);
Arc CCW 10 (-31056.42 87661.27) (-30388.54 85776.08) (-31649.67 86344.07);
Arc CCW 10 (36779.81 95138.03) (-36779.81 -95138.03) (-36779.81 95138.03);
Arc CCW 10 (38196.30 91869.70) (33560.38 93742.74) (36779.81 95138.03);
Wire 10 (38196.30 91869.70) (35014.33 83994.03);
Arc CCW 10 (31305.59 85492.46) (35014.33 83994.03) (35014.33 83994.03);
Wire 10 (31305.59 85492.46) (31649.67 86344.07);
Arc CCW 10 (31649.67 86344.07) (29795.30 87093.28) (31056.42 87661.27);
Arc CCW 10 (31056.42 87661.27) (-31056.42 -87661.27) (5559.78 92833.66);
Arc CCW 10 (5559.78 92833.66) (5440.22 90837.24) (4500.00 91835.45);
Wire 10 (4500.00 91835.45) (4500.00 49246.83);
Arc CCW 10 (4500.00 49246.83) (5500.00 49246.83) (4949.49 48749.38);
Arc CCW 10 (30240.07 38555.65) (-30240.07 -38555.65) (4949.49 48749.38);
Arc CCW 10 (30240.07 38555.65) (31474.36 40129.35) (31564.32 38635.39);
Wire 10 (31564.32 38635.39) (32464.47 39535.53);
Arc CCW 10 (35292.89 36707.11) (32464.47 39535.53) (32464.47 39535.53);
Wire 10 (35292.89 36707.11) (29242.85 30657.07);
Arc CCW 10 (25858.90 30517.49) (29091.27 34332.18) (29242.85 30657.07);
Arc CCW 10 (25858.90 30517.49) (-25858.90 -30517.49) (-25858.90 30517.49);
Circle 10 (33878.68 38121.32) (33878.68 39221.32);
Circle 10 (33159.96 84743.24) (33159.96 85843.24);
Window Fit;
# lines=20, arcs=44, circles=8, polylines=0
Grid last;